109
1 8 18 0.128200
8 7 16 0.095400
9 6 14 0.019800
29 7 18 0.007400
36 4 24 0.105500
41 6 17 0.069200
42 9 16 0.084900
45 3 18 0.088100
73 5 21 0.131600
84 10 23 0.128100
85 8 11 0.132100
94 4 18 0.069200
96 3 18 0.055600
98 6 14 0.147200
101 7 17 0.120000
104 10 12 0.092200
115 8 16 0.040400
117 5 18 0.122700
122 8 19 0.096000
138 5 20 0.158500
150 5 26 0.142200
156 10 14 0.057300
158 5 16 0.104700
162 3 18 0.130100
165 5 13 0.142300
171 6 23 0.145500
175 3 20 0.041100
194 7 16 0.054300
196 7 20 0.129000
202 6 18 0.089300
215 7 14 0.079100
216 8 21 0.029100
241 7 17 0.104500
243 7 16 0.118500
265 3 21 0.110100
270 10 25 0.035400
274 9 25 0.145100
284 5 18 0.011500
302 8 15 0.129100
312 4 12 0.145900
317 6 19 0.100600
335 4 10 0.150600
341 5 13 0.139500
342 9 18 0.159600
346 9 17 0.142600
347 6 14 0.037000
351 8 16 0.106900
357 6 14 0.027700
361 4 17 0.023500
383 5 17 0.128900
398 4 13 0.018600
416 3 17 0.090300
441 4 19 0.086400
449 5 23 0.034700
461 10 11 0.115500
473 4 20 0.159200
476 7 18 0.107400
483 4 21 0.037900
500 10 16 0.121200
509 5 18 0.073400
522 5 15 0.165400
557 3 19 0.126500
567 8 16 0.142200
582 5 21 0.114300
596 8 18 0.162100
624 6 18 0.142300
632 5 21 0.074700
637 8 21 0.088200
643 6 22 0.184300
647 5 23 0.110600
648 9 20 0.124100
652 4 14 0.018500
655 4 18 0.149800
657 7 15 0.151200
660 10 24 0.047000
668 10 15 0.104700
675 3 17 0.141500
677 9 21 0.117400
721 8 20 0.115800
727 9 17 0.120800
736 9 23 0.059500
753 5 16 0.096600
759 10 15 0.120900
772 7 16 0.058800
776 6 22 0.179500
786 3 12 0.129000
787 7 19 0.091000
789 5 14 0.097600
799 9 16 0.138000
813 4 20 0.085100
819 5 17 0.095800
839 7 21 0.124400
841 3 21 0.029400
858 10 17 0.196200
881 6 14 0.016800
882 9 25 0.013800
883 3 20 0.072600
887 4 13 0.120500
888 5 20 0.104000
889 3 18 0.144100
906 9 17 0.067700
929 10 21 0.163800
936 4 22 0.104400
941 9 13 0.100000
959 7 15 0.069900
961 4 20 0.075900
976 4 16 0.176400
992 9 16 0.162800
997 8 19 0.018300
