121
12 8 21 0.150900 
14 8 19 0.112400 
16 4 12 0.133000 
27 7 15 0.120300 
42 8 19 0.107600 
47 6 16 0.071300 
48 10 17 0.128100 
49 8 19 0.112500 
68 7 12 0.083100 
71 4 18 0.168400 
90 10 17 0.159600 
114 3 18 0.075900 
118 8 17 0.044700 
125 6 22 0.101300 
143 9 24 0.098200 
144 4 18 0.098100 
160 3 20 0.197700 
169 3 18 0.091400 
178 7 19 0.017600 
186 7 18 0.082600 
194 9 16 0.139500 
203 5 19 0.090600 
214 6 16 0.015400 
217 10 16 0.073200 
226 3 21 0.091000 
229 9 23 0.134600 
231 5 14 0.071100 
238 5 16 0.129600 
246 8 12 0.082200 
247 6 18 0.109100 
254 3 18 0.120000 
273 4 15 0.034300 
284 3 20 0.076600 
287 6 18 0.070000 
304 5 17 0.103600 
307 8 12 0.038500 
312 4 16 0.120600 
320 7 16 0.039800 
333 10 22 0.059400 
343 7 11 0.096400 
351 3 21 0.125800 
401 5 19 0.019000 
403 4 16 0.053400 
404 5 21 0.049800 
412 5 14 0.124400 
431 7 17 0.125900 
435 3 11 0.114100 
436 4 10 0.086100 
442 4 14 0.088300 
447 8 18 0.090000 
449 6 20 0.126300 
470 3 13 0.079100 
471 4 17 0.097900 
483 10 16 0.050300 
484 10 17 0.181900 
487 4 18 0.099100 
495 10 16 0.162700 
498 6 16 0.035900 
499 5 17 0.138200 
508 4 13 0.088400 
512 8 22 0.063800 
533 5 20 0.034600 
545 8 16 0.039400 
549 3 17 0.147400 
558 8 24 0.096400 
561 8 16 0.158100 
573 9 13 0.047300 
590 8 21 0.109900 
618 9 20 0.108100 
620 9 11 0.119800 
630 7 15 0.028500 
647 10 21 0.104600 
659 10 19 0.090200 
665 9 19 0.090300 
669 3 19 0.061000 
687 4 14 0.026900 
691 8 14 0.078800 
693 3 23 0.044100 
695 4 14 0.067200 
697 8 16 0.157500 
713 7 17 0.111200 
719 9 17 0.097600 
721 8 11 0.123100 
722 6 21 0.113600 
723 8 17 0.083900 
726 9 19 0.190300 
732 3 18 0.170000 
737 4 17 0.028600 
745 6 14 0.081000 
746 3 13 0.106300 
751 8 18 0.039900 
757 6 13 0.093600 
759 6 18 0.145700 
772 9 14 0.140800 
775 10 17 0.057700 
785 6 16 0.122000 
800 10 21 0.188700 
804 7 20 0.072400 
808 10 17 0.043100 
818 4 19 0.153300 
820 8 14 0.049000 
838 7 16 0.098400 
841 3 13 0.036600 
845 9 18 0.129300 
860 7 24 0.075000 
865 8 17 0.132900 
866 4 13 0.032000 
869 7 11 0.147000 
885 3 21 0.150700 
894 10 11 0.119700 
934 5 17 0.103800 
942 10 17 0.102100 
950 8 15 0.083100 
963 8 19 0.063100 
965 3 16 0.044300 
968 3 14 0.086800 
974 10 18 0.060500 
979 5 14 0.031800 
980 8 16 0.043400 
982 5 17 0.144400 
988 9 18 0.115900 
