wcet duration mem_req mem_active_ratio m k20 3981 12 0.105100 5 10 
19 4476 13 0.119100 9 10 
19 2130 12 0.140600 10 10 
10 1851 7 0.092000 10 10 
26 3615 9 0.104300 6 10 
24 3893 9 0.152500 2 10 
17 4276 10 0.044500 5 10 
12 2353 10 0.126400 8 10 
26 3703 10 0.074100 1 10 
12 1910 5 0.195000 2 10 
22 2755 9 0.031100 9 10 
22 4593 13 0.099600 1 10 
11 2731 11 0.100700 10 10 
21 2664 9 0.104400 6 10 
25 4064 8 0.121000 6 10 
16 2289 5 0.110900 10 10 
27 6314 8 0.081900 9 10 
14 2902 10 0.103400 5 10 
17 2856 13 0.087500 9 10 
15 3351 5 0.136800 3 10 
14 3927 13 0.091400 4 10 
13 2767 9 0.117600 4 10 
10 2225 12 0.077400 6 10 
20 2795 9 0.041600 6 10 
11 1555 5 0.083200 8 10 
10 2148 12 0.091500 3 10 
27 7825 10 0.161400 9 10 
11 2308 6 0.070100 6 10 
10 1818 5 0.113000 4 10 
11 2467 7 0.152600 10 10 
21 5328 8 0.164900 4 10 
30 4290 11 0.127100 7 10 
13 2571 6 0.091800 7 10 
28 7071 8 0.114800 1 10 
29 7992 11 0.100000 8 10 
16 4171 9 0.032900 4 10 
25 5536 10 0.135600 10 10 
23 3920 10 0.186700 10 10 
27 6779 10 0.134500 2 10 
20 4338 9 0.080800 6 10 
25 5701 10 0.114100 2 10 
18 2529 11 0.165500 3 10 
17 3524 7 0.077800 9 10 
28 5268 9 0.086600 1 10 
21 2479 9 0.034800 8 10 
19 4220 10 0.115800 4 10 
28 5989 10 0.087500 8 10 
18 3643 6 0.104100 10 10 
27 5113 9 0.051900 10 10 
13 3335 15 0.102600 3 10 
25 5539 10 0.116000 3 10 
19 3538 10 0.031300 2 10 
22 2975 12 0.031900 1 10 
16 2990 10 0.046000 9 10 
15 3722 8 0.160200 6 10 
23 3976 9 0.068500 3 10 
10 2777 8 0.175200 9 10 
22 5840 10 0.057600 7 10 
26 5164 10 0.078300 2 10 
19 3865 11 0.094300 6 10 
21 4741 9 0.096000 1 10 
24 5152 10 0.113100 4 10 
16 2974 11 0.115700 4 10 
10 2385 12 0.097100 3 10 
22 2515 12 0.087400 7 10 
10 1852 8 0.066500 5 10 
12 1762 6 0.048000 7 10 
23 4524 8 0.132700 10 10 
22 4545 13 0.157400 4 10 
28 6587 11 0.018100 1 10 
27 5934 8 0.094100 5 10 
26 5856 11 0.118600 1 10 
13 3165 12 0.080300 9 10 
28 4375 12 0.121100 1 10 
26 4450 11 0.162800 5 10 
23 5150 9 0.080500 5 10 
13 3474 11 0.027100 2 10 
17 3444 9 0.119700 7 10 
11 1978 9 0.107400 2 10 
17 2516 5 0.094800 5 10 
18 3097 8 0.089700 7 10 
23 4442 11 0.134400 10 10 
21 4391 5 0.127100 4 10 
27 4738 8 0.153700 5 10 
21 4910 10 0.160600 3 10 
17 3574 13 0.136600 3 10 
19 3903 9 0.075200 5 10 
21 2865 9 0.119700 6 10 
27 3829 12 0.090600 2 10 
12 1978 7 0.093500 3 10 
14 2661 10 0.022300 2 10 
21 4198 12 0.113700 2 10 
24 7156 13 0.119200 9 10 
23 5331 10 0.144400 6 10 
15 1662 13 0.114200 6 10 
26 4599 8 0.117700 10 10 
13 1944 7 0.093100 6 10 
19 2825 14 0.025700 10 10 
13 2022 12 0.113100 5 10 
28 5185 10 0.098200 10 10 
